Hips: (0.0, 179.3, 360.0) (0.0, 179.3, 360.0)
LeftUpperLeg: (360.0, 179.2, 0.0) (360.0, 179.2, 0.0)
RightUpperLeg: (360.0, 179.2, 0.0) (360.0, 179.2, 0.0)
LeftLowerLeg: (0.0, 179.2, 0.0) (0.0, 179.2, 0.0)
RightLowerLeg: (0.0, 179.2, 0.0) (0.0, 179.2, 0.0)
LeftFoot: (0.0, 179.2, 0.0) (0.0, 179.2, 0.0)
RightFoot: (0.0, 179.2, 0.0) (0.0, 179.2, 0.0)
Spine: (358.5, 179.2, 0.8) (358.5, 179.2, 0.8)
UpperSpine: (0.0, 179.2, 0.0) (358.5, 179.2, 0.8)
LeftShoulder: (2.3, 175.0, 28.4) (1.8, 175.6, 33.0)
RightShoulder: (0.6, 180.8, 338.5) (0.1, 179.2, 332.4)
LeftUpperArm: (0.0, 179.2, 0.0) (353.4, 181.6, 70.1)
RightUpperArm: (360.0, 179.2, 0.0) (353.3, 177.8, 282.8)
LeftLowerArm: (0.0, 179.2, 360.0) (359.8, 179.4, 84.8)
RightLowerArm: (0.0, 179.2, 0.0) (354.0, 178.0, 281.3)
LeftHand: (360.0, 179.2, 0.0) (359.8, 179.4, 84.8)
RightHand: (0.0, 179.2, 0.0) (354.0, 178.0, 281.3)
